14.55749
14.9959
1.669595
14.04948
12.86267
13.46309
1.345142
13.31885
1.299966
2.481239
1.158409
13.86097
2.637238
3.705903
2.221462
12.71904
11.48546
12.19683
1.356257
0.9741454
1.510859
12.9574
13.64123
2.669479
12.54123
10.92053
12.12896
1.443176
11.45197
1.299967
2.188404
0.9208083
12.35349
2.7414
3.368514
2.231834
10.82347
9.298441
10.56343
1.656751
0.8967782
1.274573
11.61564
12.45951
3.395478
10.92807
8.879861
10.32038
1.518788
10.22336
1.299918
2.781242
1.300109
11.38186
2.816995
3.627257
2.393707
9.248834
7.802541
9.02168
2.50921
1.299407
1.488279
10.36936
11.55048
4.282251
9.490204
6.85638
9.112909
1.511464
8.998206
1.299968
3.707736
1.345813
10.45364
2.810055
4.719133
2.466308
7.793839
6.562387
8.081898
3.253422
1.409661
2.368674
9.241532
10.58215
5.264321
8.470961
4.944705
7.691644
1.458984
7.879717
1.169992
4.415583
1.596647
9.321062
2.585269
5.676897
2.892783
6.736529
5.640932
6.898085
3.87841
1.405584
2.822324
8.820605
9.828277
6.297116
7.824601
3.2383
6.795664
1.333222
7.290536
1.18235
5.582471
2.025044
8.623547
2.49899
6.607708
3.133252
6.151755
5.176832
6.009058
4.606079
1.162052
3.557715
8.6043
9.030487
7.35245
7.333421
2.16868
6.285744
1.364657
6.495433
1.297213
6.65151
2.341064
7.792727
2.240217
7.254931
3.09893
5.663146
5.46012
5.280897
5.357329
1.050483
4.310517
8.697442
8.348366
8.425194
7.143716
1.478813
6.239124
1.309269
5.83889
1.603987
7.636016
2.63643
6.866714
1.949287
7.464705
2.904808
5.079919
6.946552
4.600692
6.042273
1.046574
5.067035
9.009995
8.066962
9.12992
7.364234
1.13843
6.644093
1.090091
5.640184
2.042146
8.531498
3.089861
5.951753
1.780935
7.664994
2.743095
4.305803
8.118086
3.820151
6.745955
1.048546
5.927381
9.00512
7.471146
9.133676
7.329846
0.5999978
7.089787
1.552874
5.638929
2.162372
9.255111
3.500786
5.177335
1.037731
7.708563
2.487562
4.169691
9.014417
2.939253
7.490133
1.461666
7.133548
9.002743
7.469782
9.131672
7.048346
0.6024194
7.203089
1.551752
5.641873
2.679993
9.253301
3.582864
5.180582
1.518231
7.707773
2.623973
3.820373
9.011154
2.768034
7.173715
1.124104
7.235193
8.999185
7.463548
9.139446
7.051507
0.6071131
7.210267
1.554243
5.635866
2.674981
9.247894
3.579381
5.179345
1.515898
7.699658
2.624734
3.819033
9.014334
2.763777
7.173801
1.126776
7.238334
9.007347
7.461657
9.135248
7.048043
0.5999989
7.210227
1.564513
5.639997
2.685176
9.259252
3.590397
5.177777
1.515898
7.700996
2.628365
3.818003
9.018105
2.757858
7.175295
1.130953
7.244182
9.00625
7.460429
9.131545
7.046032
0.6075953
7.207144
1.564526
5.640452
2.685194
9.261781
3.590196
5.178038
1.515897
7.703333
2.62792
3.81816
9.013287
2.758559
7.175501
1.130447
7.242154
8.996009
7.453232
9.1405
7.052646
0.6158856
7.207053
1.565043
5.630963
2.669985
9.246758
3.573845
5.154959
1.489791
7.68966
2.596368
3.818146
9.012197
2.767397
7.175313
1.123653
7.234317
8.994189
7.071054
9.133885
6.398783
0.5999974
7.204093
2.252365
5.632751
3.395554
9.247469
3.577552
4.373314
1.169907
7.247745
1.714458
3.775513
9.018442
2.763726
6.495712
1.042741
7.240117
9.003023
6.770647
9.135384
5.491164
0.6045006
7.214092
3.141797
5.636017
3.728416
9.256597
3.588275
3.604404
1.432744
6.868384
0.8528922
4.839212
9.017311
2.752194
5.656391
2.170331
7.24792
9.535546
6.693847
9.141091
5.496024
0.61866
7.22327
4.419642
5.788834
4.063745
9.786336
3.936918
2.911543
3.166683
6.698314
0.5999584
6.023219
9.013484
2.746748
5.791511
3.28676
7.250698
9.531258
7.334229
9.132887
5.817726
0.6127136
7.211691
4.865893
5.794431
4.280481
9.786994
3.935074
1.992008
5.37882
7.284018
1.021126
7.253279
9.01393
2.756408
6.225003
4.496934
7.24728
9.529793
7.522288
9.131259
6.400486
0.6163598
7.212864
5.006516
5.801212
4.851198
9.789255
3.935878
1.747431
6.913287
7.459323
1.234288
8.507333
9.013509
2.757432
6.888412
5.755672
7.250937
9.536998
7.540706
8.508175
7.083089
0.6251516
7.228366
5.005992
5.875487
5.685848
9.788586
3.93684
1.284743
8.162115
7.464287
1.232776
9.432613
8.363532
2.450638
7.622512
6.99467
7.254041
9.106562
7.547452
6.981025
6.583553
0.6204447
7.226558
4.799415
5.180291
6.52327
9.360259
3.68434
0.6609645
8.876121
7.471132
1.233699
8.740903
6.877792
1.497841
7.162901
7.764838
7.251442
7.798096
7.54982
5.696409
6.196193
1.29994
7.222789
4.309234
3.698015
6.73145
8.394714
3.083672
1.983321
9.654835
7.448529
1.237735
7.85
5.770818
1.565358
7.477279
8.607439
7.335777
7.796847
7.539422
4.607084
6.077383
1.299584
7.222691
4.308465
3.450505
7.55949
8.476355
3.084189
3.574434
10.2616
7.537248
1.235208
6.767756
5.098981
2.827867
7.37619
9.271003
7.432633
7.791315
7.541032
3.561847
6.084146
1.264488
7.221691
4.312248
4.229519
7.555768
8.667729
3.087092
4.941755
10.26885
7.817826
1.236094
5.56544
4.491783
4.205196
7.311749
9.275789
7.69256
7.796958
7.556926
2.024956
6.084713
0.7056949
7.219059
4.31146
5.839708
7.563722
7.576167
3.087578
6.301663
10.28134
7.003968
1.237511
5.089393
2.050748
5.709919
6.594077
9.276353
6.747612
7.807683
7.564359
1.513749
6.08714
0.5999178
7.228442
4.308523
7.211833
7.57101
7.2082
3.08587
7.819999
10.28333
7.078767
1.236234
4.576238
1.315185
7.251861
5.834971
9.280269
6.691342
7.051868
7.553421
2.406845
6.097579
0.5956423
7.228899
4.082042
7.191281
7.09294
6.956014
2.849938
8.8693
10.27243
7.782695
1.234661
3.896007
1.81448
8.243561
5.520226
9.275845
7.369019
5.741751
7.55053
3.089563
6.101452
0.7821282
7.220039
4.02298
6.242349
6.402162
5.878587
2.905295
9.325268
10.2724
8.054909
1.238467
3.332293
2.330169
8.629402
5.445092
9.26913
7.626016
4.649447
7.629783
3.406964
6.486987
1.298661
6.213536
4.393082
5.147123
5.925919
4.550744
2.229387
9.321744
10.28339
8.146348
2.236662
3.346927
2.108308
7.328421
5.249893
8.056843
6.448724
3.395808
7.701552
3.615237
6.45998
1.298794
5.031298
5.255572
4.199162
5.503889
3.181717
1.824363
9.454735
10.28273
8.108594
3.649197
3.11475
2.321507
5.919968
5.191128
6.666529
4.988467
2.31485
7.695348
3.676197
6.459986
1.298775
3.810465
6.301898
3.297835
5.164948
1.950769
1.646083
9.484253
10.27793
8.090099
4.924359
3.061255
2.383816
4.572666
5.188051
5.641171
3.596332
1.64618
7.695776
3.676196
6.459988
1.297824
2.829494
7.143034
2.721263
5.069441
1.297554
1.50716
9.48464
10.27825
8.329957
5.79934
3.061257
2.39502
3.71435
5.283451
5.275744
2.804369
1.265957
7.710033
3.683511
6.471707
1.649828
2.227136
7.643438
2.592943
5.230562
1.162187
1.353302
9.483957
10.27768
8.799668
6.481936
3.061257
2.198982
3.137129
5.194881
5.080879
2.469802
1.023905
7.697538
3.909254
6.702481
1.852357
2.16084
7.748882
2.937433
5.679149
1.101507
1.330624
9.486979
10.28018
8.762654
6.957337
3.061257
2.169682
2.744967
5.157001
4.91636
1.947287
0.6762798
7.084584
4.261974
5.901127
1.413142
1.219566
7.755461
3.955671
5.729511
0.9201412
1.472228
9.613316
9.999488
8.212996
6.863365
2.002068
3.058249
3.39896
4.891256
4.830814
1.424303
0.6935142
7.563196
4.517375
5.400301
1.163906
1.439524
7.752792
5.149527
6.080962
1.457017
1.930981
9.62329
9.168079
8.642302
6.260035
1.513803
3.941882
4.49589
5.080596
4.982846
2.396101
0.6963281
7.563172
5.048601
6.13884
1.846982
2.729194
7.759538
5.739049
6.835126
2.208361
3.202585
8.649687
8.583598
9.117899
5.184792
1.29964
4.412963
4.389808
5.675364
4.996033
3.985849
0.7033895
7.569755
5.971642
7.26567
1.865391
4.098057
7.763657
6.671337
7.963872
2.213249
4.578691
7.907669
8.433259
9.174585
4.290003
1.299977
5.796325
4.165718
7.072625
5.108948
5.27879
0.6944759
7.568245
7.168448
8.390429
1.537625
3.280534
7.763067
7.839012
9.069667
1.615829
3.744359
7.424335
8.451169
9.09508
4.752903
1.299963
7.877319
4.942578
9.005424
6.242084
4.664288
1.113823
7.567585
8.488451
8.91271
2.17465
2.324007
8.607468
9.459435
9.800776
1.299474
3.43783
7.283966
8.528565
9.734602
5.49227
1.300851
9.786675
6.608889
9.961133
7.262607
4.365972
1.19343
7.743866
10.00791
9.029907
1.78498
2.165864
8.725296
11.19931
10.20525
1.29961
3.222233
6.52162
6.888992
9.508541
5.581479
1.529031
11.23354
8.404752
10.10568
7.65275
3.928141
1.282014
7.935337
11.71028
9.91467
1.156972
2.131248
8.484505
12.70483
10.95982
1.299683
2.476106
5.960789
5.174716
9.089067
6.009248
1.917874
12.78258
10.45283
10.96078
8.801359
3.208985
1.909286
7.962498
13.15347
11.13344
1.09196
2.31348
7.918202
13.57425
11.70915
1.745463
1.523106
6.001813
4.689301
8.891983
6.395159
2.207397
14.20266
12.08064
12.20173
10.25376
2.809121
3.084063
7.907669
12.32514
1.151335
2.43534
7.219673
12.28902
3.073892
1.301057
5.224172
8.871511
6.317159
13.41816
11.24164
2.909952
4.285348
7.905049
13.45356
1.15617
1.493609
6.624687
12.67499
4.400246
2.791828
6.051665
8.876655
7.187713
14.53495
13.01565
1.865412
5.523731
6.882352
13.87205
1.470473
1.344977
5.266723
12.46465
4.69545
4.191719
7.445978
7.232311
6.223765
14.50942
13.48884
1.020652
6.823076
5.653055
2.520063
1.342614
4.274227
4.770147
5.508018
5.230597
4.880371
1.314993
8.127214
4.546987
2.845701
1.341961
4.525449
5.892717
6.823869
3.873326
3.602968
1.635328
9.427608
3.330297
2.845702
1.341958
6.242542
7.219542
8.134258
2.502583
2.237028
1.635475
10.72014
2.214449
2.882002
1.295402
8.519696
8.457558
9.715704
1.372759
1.293495
1.591516
2.874994
4.162248
1.299462
1.322092
1.894542
3.05611
4.609467
6.264212
2.171175
1.733998
2.874166
4.608151
6.175475
8.611913
3.321998
2.582165
3.767506
6.345021
7.127107
10.71987
4.179776
3.8861
4.184588
8.066298
7.13496
12.31879
4.193788
5.627438
4.174109
9.801136
7.138334
4.665419
2.809832
7.137994
5.049634
2.136936
7.137591
5.798528
2.446985
7.136899
6.75055
2.814125
6.4949
7.257094
2.90351
5.766486
7.553702
3.264838
5.762493
7.63165
3.213601
5.756963
7.631657
3.213027
5.768861
7.636666
3.211942
5.752998
7.509949
3.204759
4.897694
7.090078
4.101682
4.947788
6.834719
4.71732
5.676867
6.282533
4.705719
6.538556
5.376328
4.758848
7.483608
4.58114
4.666864
8.598775
4.266534
4.492306
9.608746
4.571786
5.277571
10.19643
5.376572
6.437202
10.81483
6.495481
8.072415
11.22185
8.37816
9.374581
11.52485
10.37949
10.80012
11.87458
11.77807
12.35571
13.27124
