14.34119
14.80008
0.7911835
14.01956
0.7041321
13.49802
15.37435
0.6807818
14.54732
0.5999224
14.48841
1.160102
1.371178
14.97928
1.277637
14.97035
1.837819
0.6971388
14.25307
1.461995
13.7484
15.53267
14.14261
0.5999736
1.959213
13.60682
15.56178
2.531162
12.24255
12.74676
1.193643
12.22793
0.7486603
11.50616
13.45543
0.734216
12.29435
0.6027436
12.48468
0.9859681
1.631172
12.7454
1.259737
13.01785
1.716344
0.8993132
12.33819
1.922285
11.62708
13.40067
12.43525
0.7252669
2.113794
11.71051
13.75449
2.615382
10.29048
10.8026
1.675683
10.56421
0.7727075
9.440724
11.59787
0.7365656
10.39006
0.599969
10.59364
1.038552
1.869684
10.81215
1.108979
11.13942
1.762251
1.133744
10.745
2.416633
9.652209
11.47762
10.83047
1.127379
2.180144
9.70316
11.98179
2.882743
8.552118
9.134061
2.175939
9.455174
0.828835
7.693105
10.01161
0.6544825
8.935229
0.921965
8.906603
1.035859
1.966806
9.429649
0.5999973
9.511241
1.474834
1.3601
9.856761
2.944046
7.955947
10.05289
9.791347
1.928905
1.681417
8.102205
10.46272
2.401249
6.796686
7.536531
2.686879
8.164679
0.9113079
6.719782
8.675286
0.7533315
7.43113
1.443943
7.28475
1.388339
1.879459
8.174619
0.7100934
8.005659
1.796401
1.159837
8.874997
3.493062
6.838522
9.189257
8.598328
2.447659
0.7759928
7.349531
9.159977
2.470596
5.040516
5.834757
2.885974
6.462167
1.013594
6.167925
7.444448
0.7973129
6.085556
1.500797
5.672994
2.273936
2.529455
6.82806
0.7653614
6.449779
2.225826
1.780872
7.577741
3.7133
6.150254
8.605398
7.015629
2.773257
1.029124
7.019058
7.954121
3.493285
3.285492
4.578898
2.466027
4.87534
1.12971
5.572799
5.981482
1.380326
4.790441
1.608468
4.0409
3.175307
2.793059
5.731325
0.9233887
5.402078
2.222925
2.059675
6.340604
3.223532
5.77916
7.566599
5.549975
3.0691
1.240096
6.612721
6.548663
3.901753
1.623929
3.34426
2.027222
3.479311
1.403864
5.071077
4.613122
2.021663
3.538245
1.866811
2.700967
4.087513
3.001302
4.801397
1.27183
4.634653
2.183108
2.508495
5.286583
2.313281
5.964625
6.526342
4.527296
3.286625
1.354525
6.461739
5.460769
4.162701
0.617083
2.041981
2.677521
2.60957
1.820452
3.930659
2.865291
2.54113
2.873571
2.508028
1.708238
4.351517
2.610569
4.068293
2.558114
3.740291
1.944624
3.195149
5.284072
1.506464
5.960936
5.476322
4.214889
3.285872
0.7096593
5.6788
4.263615
3.991446
2.301567
2.078417
3.619834
2.001156
2.45228
2.773301
1.793915
3.294849
1.71851
3.649848
0.761325
4.991207
2.690412
3.692632
3.908461
2.907377
2.556068
3.872021
5.277869
1.185452
5.957426
4.389769
4.102359
3.277077
1.150994
4.927012
3.261115
3.982201
4.672922
3.154174
4.660855
1.602714
3.196792
1.660487
2.506834
4.345646
0.8667027
4.410964
2.037422
6.132704
2.89776
3.760197
4.431294
2.333828
3.379756
4.25219
4.695644
1.619192
5.973419
3.317578
3.616925
3.088055
1.588984
4.385017
2.644248
4.167305
6.478649
4.378327
5.546267
2.335084
3.835601
0.836776
3.940716
5.113642
1.124313
4.337222
3.309722
6.965553
2.816273
4.017089
4.233778
2.113498
4.177267
4.53313
3.56838
2.189762
5.968257
2.276849
2.618423
3.03563
1.628057
4.059525
2.464914
4.584057
6.707567
4.660339
5.777198
3.212506
3.957199
0.7014154
5.134698
5.146528
1.114177
3.506592
3.894984
6.963095
1.816734
4.069872
3.377587
1.576124
4.336918
4.829178
2.56972
2.781016
5.973686
1.519968
1.853653
3.46202
2.112705
3.867118
3.296135
5.493767
6.695358
4.659013
5.766163
4.095304
3.95094
0.700588
6.175789
5.145518
1.112642
2.989808
3.885771
6.972016
0.9641796
4.070807
2.604865
1.585386
4.356672
5.362227
1.89511
2.773342
5.984569
1.40069
1.0474
4.206583
2.916324
3.884948
3.928626
6.531733
6.63617
4.627945
5.712535
4.287045
3.904036
0.7173718
6.969316
5.138135
1.104489
2.91362
3.878815
6.966197
0.728202
4.072342
2.47318
1.587522
4.363257
5.821806
1.810899
2.774596
5.985045
1.751541
0.9883735
4.420915
3.519033
3.886075
4.501435
7.35563
6.615769
4.600976
5.688024
4.26166
3.879884
0.721379
7.420639
5.142061
1.108307
2.919151
3.888198
6.972447
0.8161565
4.072262
2.469456
1.578518
4.359829
5.838151
1.812569
2.780192
5.987758
1.894952
0.9924788
4.423084
3.7046
3.88792
4.657351
7.786022
6.616107
4.572793
5.465484
4.256354
3.864552
0.6992654
7.701019
5.140454
1.156606
2.921488
3.882537
6.972061
1.210224
4.465338
2.459991
1.580531
4.350399
5.631379
2.052377
3.032888
5.838089
2.318341
0.9822549
4.424068
3.730655
3.886243
4.611387
8.007956
6.590867
4.561742
5.260084
4.232957
3.840657
0.7038943
7.87311
5.14105
2.393341
2.922407
3.879772
6.970047
1.577208
5.695797
2.46047
1.588405
4.359583
5.557067
3.259035
4.122949
5.81335
3.96216
0.9775453
4.424353
3.819608
3.88634
4.647359
8.171055
6.591847
4.571723
5.459901
4.22961
3.847076
0.7112686
7.8766
5.143307
3.990278
2.917586
3.888906
6.97253
1.57761
7.012151
2.47554
1.580996
4.364511
5.560565
4.666587
5.432931
6.120838
5.520981
0.9957543
4.422211
3.822306
3.888201
4.655994
8.175224
6.595934
4.564301
6.138417
4.232242
3.846824
0.7062252
7.877237
5.142236
5.647538
2.918887
3.888911
6.973165
1.575952
8.461246
2.470494
1.577763
4.35813
5.558199
6.229836
6.906521
6.838828
7.147573
0.9938269
4.422546
3.819846
3.887271
4.653327
8.172816
6.178287
4.557716
7.158096
4.236887
3.842827
0.6899991
7.872149
4.787174
7.205212
2.520007
3.485003
6.544902
1.873023
9.986969
2.455539
1.583987
4.360579
5.55239
7.860181
8.454177
7.846289
8.799419
0.9768257
4.424765
3.814888
3.888102
4.643105
8.164903
4.920227
4.510928
7.821134
4.263961
3.839089
0.7264997
7.936957
3.793451
7.704791
1.347534
2.317522
5.266366
3.051723
10.67829
2.461415
1.587783
4.287116
5.562569
8.575922
9.152745
8.545064
9.535426
0.9791665
4.448422
3.825219
3.876147
4.654016
8.220396
3.59698
4.516529
7.81648
4.262574
3.840524
0.771622
7.938229
3.07947
7.692553
0.9638018
1.492643
3.934535
4.341288
10.67864
2.472397
1.590829
4.284537
5.562358
8.563375
9.14953
8.585201
9.534253
0.9856762
4.465784
3.824246
3.886517
4.654014
8.243017
2.34283
4.515724
7.816597
4.26327
3.845985
0.7718954
7.943226
2.869961
7.916399
1.921129
1.663362
2.601664
5.644928
10.67403
2.473638
1.586636
4.278834
5.562772
8.557034
9.150043
8.58607
9.534235
0.9878193
4.462133
3.826529
3.886517
4.654
8.243002
1.124372
4.511188
7.816359
4.264889
3.847407
0.7720172
7.944514
3.41151
8.215929
3.251947
2.744889
1.220014
7.023058
10.67486
2.478837
1.590036
4.271668
5.572074
8.557349
9.150052
8.586069
9.534254
0.9877547
4.462335
3.826386
3.886517
4.653999
8.243002
0.7487756
4.502713
7.817666
4.255527
3.820349
1.040058
7.935081
3.925059
8.496638
4.049184
3.467454
0.7273173
7.832554
10.67503
2.477913
1.62129
4.455353
5.570773
8.558044
9.117205
8.811174
9.534242
0.9666814
4.76608
3.825981
4.149282
4.647904
8.557588
0.7490555
4.512028
6.98957
4.25944
3.54093
1.630412
8.08418
3.933563
7.697521
4.051015
3.259353
0.8951455
8.015294
10.2054
2.475396
2.035465
3.537147
5.900336
8.249263
8.251566
8.591396
9.511968
0.8520688
4.206044
4.053452
3.362144
4.904934
8.252393
0.7493716
4.521819
6.029327
4.905831
3.770123
1.108613
8.56556
3.939745
6.771126
4.807106
3.648555
0.7939514
8.578307
9.779305
3.406985
2.860321
3.434435
6.832857
7.988541
7.457122
6.735929
9.845517
1.158931
4.013428
3.843851
2.855094
4.977476
7.788046
0.7544972
4.481349
6.795891
5.413134
4.25583
0.7900701
9.149034
3.895131
7.548876
5.377098
4.308911
1.46762
9.238253
10.85789
4.066952
3.910894
4.782343
7.812678
9.432366
8.317666
6.21298
11.3371
1.252282
5.069683
3.979784
3.853487
4.929346
8.653666
0.7577816
3.83682
8.358089
5.406878
4.927651
1.134442
9.816417
3.366488
9.113808
5.377711
5.115175
1.847949
9.979915
11.47894
3.271121
4.033734
4.908846
8.125507
10.76039
9.273081
7.30979
12.22193
1.541804
6.07829
4.882029
5.339565
4.888834
10.17005
0.7431955
4.38367
5.411389
5.429256
1.63865
10.55338
4.203534
5.474251
5.765205
2.372348
10.84935
1.96025
3.666415
5.389907
7.755919
2.113741
5.92295
5.814329
5.324296
5.129619
10.37827
0.7466503
4.520352
5.406885
5.691256
2.996649
10.55455
4.36165
5.46217
6.100651
3.739209
10.84462
1.727644
4.219141
5.850491
7.522396
2.871838
5.852999
5.819353
4.57234
5.018183
9.537472
0.7444705
4.514933
5.400435
5.923924
4.446556
10.55064
4.36165
5.460726
6.384543
5.17626
10.84445
1.726762
4.747774
6.565067
7.521559
3.416529
6.171079
5.819697
3.980297
5.014431
8.886353
0.7742029
4.506617
6.084276
5.915935
5.946319
10.5443
4.436658
6.309647
6.445707
6.709341
10.91089
2.658351
4.633896
7.445382
7.424948
2.809913
6.568494
4.81243
3.973003
5.016881
8.452677
0.5999925
4.971247
6.994706
6.496123
8.084684
11.03226
4.864741
6.949108
6.688716
8.553214
11.06647
2.142092
3.303367
7.378109
6.376158
2.739101
7.241234
4.24364
4.502779
5.015393
8.273293
0.7070352
5.225949
7.078394
6.512681
8.59973
11.13183
4.520318
6.371912
5.849213
8.197842
10.42883
1.856877
2.612492
7.210636
6.033518
2.568639
7.428944
4.241827
4.880349
5.016145
8.274037
1.618271
5.230836
7.082243
6.017488
8.600448
11.13183
4.537574
6.298714
4.946477
6.982231
10.09877
1.855611
1.562449
7.20911
6.028399
1.789134
7.431221
4.238978
5.862448
5.155516
8.272623
2.598038
5.234818
7.071095
5.390713
8.602872
11.13183
4.826625
6.432683
4.506578
6.058823
9.96749
1.840735
0.9457906
7.20697
6.024296
1.932658
7.42018
4.247451
6.273034
5.742183
8.267466
2.583442
5.327246
7.156374
4.243636
8.582105
11.10161
4.812806
6.522005
3.53002
6.056556
9.965668
1.832718
1.282852
6.969936
5.842921
3.047992
7.411084
4.123565
6.404156
6.860755
8.267266
2.188012
4.949508
7.312329
2.148474
7.873729
9.99886
4.889111
7.530012
2.570424
6.046756
9.934089
2.657268
2.805944
5.765459
5.110098
5.260059
7.436608
2.796184
6.50146
7.886406
8.23912
3.169633
4.451283
7.366661
0.6134198
6.628589
8.229878
4.793901
8.685711
2.566835
4.313617
9.098585
4.014907
4.242006
4.556062
4.304686
7.43667
8.16186
1.41718
6.068947
8.208968
7.866481
4.611614
4.502172
6.9086
2.32063
5.878002
6.53046
4.706493
9.505624
4.01346
2.341287
8.215312
5.089675
6.077009
3.807234
3.554901
9.203182
8.896075
1.928168
6.02288
8.674608
7.277933
6.201171
5.058344
5.776647
4.017316
6.220129
5.159167
4.950835
10.17255
5.526217
1.082621
7.751491
5.875283
7.549766
4.091909
3.039072
9.791439
9.598834
2.954744
6.21824
8.797
7.019406
7.945886
5.518935
4.547695
5.244932
7.349061
4.204203
5.245508
11.02064
6.898364
0.6092819
7.313905
6.531339
8.247908
4.743698
2.447912
9.792598
10.42015
4.0876
6.538891
8.386231
6.746519
9.372293
5.248011
3.391755
6.413579
8.940076
3.928957
5.49101
11.6882
8.234015
0.8267851
6.685208
6.536479
8.242158
5.4784
1.441574
9.795839
11.43045
5.126874
7.435234
7.903199
6.551323
10.53181
5.242547
2.23693
7.60197
10.23775
4.693519
5.822944
12.20058
9.231604
0.599998
6.034191
6.525108
8.242433
5.70903
0.7804384
9.795083
11.97647
6.174556
8.652234
7.524562
5.844805
5.499083
1.192664
8.764239
5.994213
6.526743
8.253608
0.7773414
9.789487
7.073311
7.77945
6.014072
0.7325379
9.922044
6.760406
6.544227
8.253946
0.8434185
9.794229
7.257326
7.917808
5.766691
1.420292
10.15951
6.964464
6.567355
7.824663
1.202089
9.732039
7.764593
7.91198
5.546411
1.420678
10.15822
6.823213
6.303586
7.611331
1.299586
9.730429
7.603161
7.767088
5.552149
1.413361
10.15287
6.080388
6.303118
7.605751
0.7417257
9.724909
6.71706
6.995085
5.552759
1.412779
10.15292
5.520862
6.303103
7.604302
1.363401
9.725128
5.975423
6.323773
5.544034
1.425803
10.15458
5.320236
6.303102
7.604307
1.503419
9.725137
5.750891
6.291675
5.04433
1.042493
10.15433
5.321641
4.84792
7.128035
0.8462213
9.293355
4.961226
6.289557
4.502231
0.6408751
10.15382
5.669706
3.89348
6.53364
1.231096
9.710881
5.045835
6.175004
4.248704
1.449116
10.15247
6.775628
4.584035
6.163078
3.077822
10.72339
6.555998
5.946953
4.209699
2.673126
9.867926
7.877367
5.834362
5.676626
4.521666
11.37455
8.207519
5.062178
4.213901
3.904142
9.635324
8.967454
7.05134
5.426785
5.581673
11.99326
9.966859
4.135569
4.862147
9.522614
10.07351
4.661831
5.683264
3.378475
5.928721
9.547718
11.12873
3.656274
5.390562
2.968474
7.20838
10.00547
11.5425
2.822941
4.652102
2.910246
8.56065
10.56882
11.89804
2.008508
3.971798
2.699411
9.036976
10.21497
1.346523
9.144543
9.514703
1.363671
8.432635
8.648275
0.6458501
