14.40026
15.21873
1.045338
14.02592
0.9573154
13.3811
14.60325
0.9846619
13.5032
0.7799802
15.22995
1.508804
1.0225
14.34216
1.723057
16.0647
2.483649
0.7799956
13.10352
1.72907
12.44331
13.74652
14.83257
0.7798463
1.773995
14.17179
15.46304
2.416762
12.67317
13.45759
1.822011
12.48576
1.347621
11.71051
13.47898
0.9832902
11.14901
0.7799703
13.01092
1.15984
1.600352
11.98046
1.678252
13.8496
2.14022
0.8141334
10.90123
1.873974
10.13538
12.07289
12.74645
0.7799757
2.36971
11.98497
13.94678
2.665918
11.20989
11.92725
2.68002
10.87549
2.074587
10.01151
12.41677
0.9552764
8.888111
0.7799641
10.85573
1.290355
1.914714
9.684152
1.709453
11.67449
1.918492
0.9983652
8.46616
2.031256
7.774809
10.29091
10.39558
1.427817
2.689052
9.774088
12.30518
2.568782
9.747053
10.71347
3.610983
9.570387
2.924371
8.280155
11.56803
0.967348
6.549747
0.8458567
8.894011
1.677296
1.97903
7.505719
1.460608
9.832983
2.565742
1.147815
6.217804
2.445222
5.341826
8.488661
8.479113
2.029702
2.602326
7.770538
10.85745
3.292368
8.395411
9.546185
4.517874
8.371435
3.771408
6.643243
10.72
1.243564
4.269596
0.85131
6.978112
1.934381
2.346364
5.265635
1.253412
7.832236
3.177603
1.462564
4.025731
2.832474
3.046247
6.597894
6.581375
2.337015
2.67449
5.877754
9.242276
4.127116
7.317358
8.824975
5.026565
7.674618
4.828409
5.096953
9.771406
1.831003
3.163543
0.7517375
5.951217
2.268578
2.46855
4.100183
1.199054
6.536539
3.973923
1.768028
3.142999
2.835747
2.199873
5.47854
5.798785
2.77487
2.339467
4.852235
8.117757
4.68502
6.779453
8.81339
5.732917
7.342115
5.925816
3.920785
9.129558
2.271186
2.263425
0.6
5.086296
2.858693
2.399919
3.369818
1.681718
5.633353
4.95472
1.754404
2.489308
2.834045
2.376196
4.382517
5.233869
3.425592
1.93758
4.317215
7.008689
5.220934
7.219477
9.192761
6.552616
8.02132
7.016071
3.180866
8.944692
2.457217
2.180257
0.8031006
4.998985
4.046337
1.739917
2.807164
1.897672
4.785466
6.140977
1.899629
2.60021
2.826147
3.737598
3.476616
5.319283
4.849329
0.967217
5.222644
6.081436
5.765255
7.758274
9.759122
7.291793
8.564152
7.926554
2.302368
9.325806
2.908555
2.174819
0.8067637
5.000026
5.458418
1.579252
2.490479
2.55647
3.986845
7.575157
2.144733
2.600584
2.832903
5.160028
2.955662
5.324831
6.263662
0.7995418
6.31887
5.47625
7.029263
7.777617
9.789804
7.320247
8.594833
7.962332
1.132112
9.268229
3.555256
2.16763
0.8187064
4.998487
6.705862
1.53406
2.514255
3.355731
3.270408
8.908322
2.846132
2.60752
2.838542
6.407269
2.766379
5.335906
7.519836
0.8016555
7.36123
5.268114
8.212358
7.780079
9.879624
7.315755
8.590222
7.970003
1.131485
9.272334
4.314906
2.168731
0.8113308
4.99498
6.709171
1.536153
2.869129
4.211579
2.675864
9.074284
3.762449
2.601668
2.835104
6.403756
2.77093
5.32317
7.516329
0.8068773
7.368885
5.261525
8.217428
6.991504
10.06076
7.31565
8.58706
7.978029
1.12877
9.284534
5.285867
1.990986
1.597943
4.787253
5.927349
2.312087
3.445822
5.088563
2.339771
9.337007
4.679773
2.597876
2.832422
6.40677
2.780423
5.315077
7.516374
0.8187919
7.37875
5.26171
8.232748
6.991063
10.005
7.314224
8.117283
7.971143
1.130868
9.176658
5.798963
1.99094
1.128152
4.788817
5.923613
2.202113
3.86511
5.591195
2.060995
9.353703
5.431152
2.201658
2.83463
6.401414
2.716599
4.986098
7.051753
1.080868
7.368367
5.237344
8.120266
6.989664
9.322022
7.310781
7.572365
7.963151
1.1332
9.171488
5.586716
1.990939
0.8710828
4.789929
5.920575
2.198655
3.602309
4.892435
1.358872
8.711511
5.518708
1.411642
2.836071
6.397219
2.71372
4.238673
6.543013
1.663762
7.361385
5.237692
8.113642
6.990958
9.328259
7.240489
7.429408
7.968369
1.1143
9.16807
5.58605
2.075565
1.544328
4.789927
5.944292
2.193789
3.532248
4.051219
1.35989
8.737814
5.51551
0.6498768
2.732059
6.361011
2.841295
3.351115
6.490908
2.243998
7.386737
5.234786
8.132686
6.852366
9.333418
5.916072
7.392374
7.97382
0.8850947
9.167537
5.589973
1.896235
2.350644
4.766037
5.96888
2.32917
4.410089
3.244246
1.359601
8.607179
5.513079
1.534176
3.299083
5.052397
3.65622
2.474401
6.542697
2.972662
7.25032
5.233942
8.282726
5.527821
9.329264
4.394598
7.416701
7.97031
1.000071
9.175673
5.809305
1.228932
3.087263
4.744253
5.433449
3.649937
5.949843
2.748953
1.358986
8.634938
5.508955
3.435633
4.718498
4.227313
4.807429
1.915171
6.929456
3.482642
7.280344
5.239405
9.027952
4.212644
9.326059
2.808411
7.414973
7.96645
0.837653
9.17668
6.309564
1.435657
3.776775
5.076003
4.75808
4.96421
7.369749
2.750455
1.359609
9.394614
5.516887
5.031288
6.059374
3.420662
6.381256
1.910172
7.685363
3.487289
8.041257
5.239404
9.701854
2.917888
9.326933
1.470142
7.416286
7.254415
0.8071791
9.176759
7.327983
1.764226
4.966461
5.345361
3.63291
6.275864
8.881248
2.751033
2.072576
9.620785
5.520776
6.666751
6.837958
2.276631
7.988659
1.739414
7.88196
3.488936
7.557961
5.219339
9.839391
1.704215
9.330422
1.7953
7.422019
6.16663
0.8137551
9.177609
8.467283
1.610713
6.246665
5.367109
2.499233
7.602747
10.07775
2.735368
3.16388
9.640356
5.506701
7.8209
6.974355
2.476081
8.886097
2.011976
7.901684
3.49298
6.49362
5.375212
9.852986
0.9238228
9.326217
1.799048
7.414202
5.064108
0.810305
9.176895
9.574405
0.8889264
7.459554
5.339571
1.657992
8.876122
10.07827
2.746345
4.262447
9.650005
5.507071
7.814867
5.908826
2.468034
8.888006
2.738143
7.905857
3.485353
5.416757
5.741123
9.85841
1.384943
9.322582
1.80582
7.410897
4.247214
0.8023112
8.573399
10.46299
0.9974663
8.358654
5.409424
1.803579
9.08063
10.08008
2.753202
5.076148
9.611156
5.553482
7.813928
5.128911
2.483461
8.26038
3.40484
7.870973
3.276563
4.579237
5.649267
9.239418
0.9117131
9.584832
0.949068
7.492618
4.429255
1.591507
7.374575
10.49332
1.014115
8.398456
5.32945
1.818169
8.188582
10.07959
2.735315
5.186396
9.608968
5.308912
7.824367
5.021933
2.48362
7.363895
3.500111
7.874626
2.766634
4.469984
4.770401
8.274487
0.921964
10.19774
0.7768421
7.949926
5.128659
2.46962
6.882415
10.49498
1.353647
8.399276
5.33018
1.822561
7.49996
10.86629
2.73552
5.187265
9.601351
4.6952
8.546067
5.851722
3.122184
7.359719
3.499694
7.866418
1.981366
4.46169
3.681924
7.395371
0.8904613
11.2047
0.9420255
8.998388
6.082983
2.684816
7.1045
10.50254
1.540239
8.402352
5.33785
1.820205
6.590797
11.04461
2.743214
5.187163
9.612306
4.734785
8.697739
6.049774
3.323827
6.722929
3.498161
7.873658
2.067112
4.472408
2.599823
6.35897
0.8503494
11.26684
1.734025
9.212351
6.083886
2.101204
6.548733
10.4979
0.9021295
8.389782
5.331998
1.817067
5.719227
9.856223
2.755096
5.187949
9.615001
5.073704
7.64022
4.757028
2.156586
4.960975
3.493099
7.870457
2.679277
4.475061
1.612127
5.348464
0.8765173
11.2997
2.724225
9.240311
6.117252
2.11323
6.11122
10.49279
1.981233
8.384237
5.326674
1.747858
5.266153
8.587278
2.758342
5.187938
9.570215
5.311465
6.645616
3.399775
1.283765
3.501412
3.49324
7.804092
3.145705
4.421096
1.011171
4.68425
0.8560649
11.35748
4.421036
9.248953
6.185683
2.317145
5.628239
10.5043
3.626534
8.397093
5.33778
1.75309
4.7743
7.184142
2.756555
5.188277
9.571929
5.730346
5.570842
2.09233
2.393508
1.838168
3.494426
7.806866
3.798539
4.422446
0.6712892
4.010371
0.8492811
11.35425
6.11229
9.244536
6.01629
2.313317
5.197358
10.50756
5.320086
8.399721
5.176142
1.750533
4.36407
5.693691
2.753903
5.361615
9.572141
6.207194
4.53904
1.255007
4.02559
1.303411
3.667356
7.804436
4.473067
4.243111
0.8516731
3.39217
0.8575225
10.94696
7.805601
8.90245
5.941753
2.312944
5.201504
10.09816
7.004576
8.072812
5.114619
1.746661
4.360596
3.680371
4.255126
5.083416
9.075108
5.754715
4.955151
1.97878
5.693941
2.806864
4.608565
7.772988
4.677664
3.992018
0.8285241
3.39402
0.8658547
10.63026
9.467947
8.362607
5.173699
2.320787
5.207888
9.771294
8.660079
7.550326
4.370214
1.754509
4.359817
2.581198
4.829753
5.712265
8.789804
5.443575
6.09013
4.294268
7.336433
4.415774
5.446733
7.464677
4.636586
3.106878
0.8502492
3.39706
0.8159199
9.676834
8.280709
4.059018
2.34792
5.176058
8.86533
7.55509
3.271868
1.753542
4.363285
3.433796
6.000524
8.073279
4.6776
5.76323
7.463473
4.637799
2.084638
1.330392
3.395839
1.19337
8.972418
7.715485
3.262841
2.936171
5.174361
8.479053
7.559583
2.258487
1.747897
4.36553
2.636821
6.596949
7.82215
4.462606
6.23573
7.460172
4.64273
1.246721
2.218892
3.392419
1.451725
8.891273
7.554057
2.607794
3.17308
5.214835
8.466426
7.547904
1.357121
1.747882
4.357641
2.618721
7.38017
7.823421
4.46089
6.789353
7.459612
4.63476
0.8603168
3.090797
3.395651
1.451993
8.894315
7.557049
2.583275
3.17433
5.21734
8.466591
7.547385
1.328299
1.748418
4.357795
2.616341
7.403728
7.823708
4.46089
6.804318
7.458817
4.632827
0.8652832
3.117899
3.395876
1.451066
8.515655
7.000213
2.57845
3.166526
5.213696
8.15099
7.154983
1.324279
1.741949
4.355768
3.031324
7.135813
7.595872
4.284474
6.560291
7.278109
4.795181
0.8595921
3.11981
3.394339
1.447609
7.642108
6.379086
2.567437
3.167178
5.513875
7.446373
6.79163
1.318506
1.746609
4.86701
3.122812
6.561675
7.125869
3.125309
6.432621
7.230793
4.518399
0.8668309
3.74201
4.14738
1.443417
7.641436
5.992207
2.573297
3.174869
5.753516
7.443435
6.668849
1.325223
1.75717
5.217134
4.422427
6.559608
7.130001
2.590928
6.575289
7.428586
5.031613
0.8718928
4.153662
4.621063
1.445083
7.639462
5.732731
2.578142
3.167888
5.756832
7.444608
6.651757
1.330159
1.749481
5.222115
5.63945
6.557769
7.127422
2.590161
6.80602
7.668117
5.977325
0.8623773
4.154309
4.621812
1.446368
7.64104
4.853869
2.565493
3.163028
5.758447
7.448758
5.957736
1.319791
1.744586
5.227598
6.493001
6.561584
7.124548
2.585062
6.33289
7.189389
6.347648
0.8644139
4.163126
4.623169
1.433023
7.639327
4.183691
2.553217
3.156388
5.744504
7.442757
5.459147
1.314706
1.749421
5.212795
7.487067
6.563328
7.124366
2.592081
6.096467
6.9189
6.944984
0.8677469
4.155984
4.61385
1.141282
6.550135
4.285563
2.374028
2.890418
5.779403
6.092396
5.277144
1.314695
1.749261
5.146347
7.511468
5.180181
5.737848
1.341022
6.106864
6.876
7.505009
0.867747
4.086438
4.543345
0.7904302
5.461805
5.02487
2.083857
2.386212
5.201138
5.823786
5.807703
2.05054
2.046359
5.307411
6.387832
3.999575
4.660745
1.887079
6.116754
6.876275
7.547603
0.8677453
3.262537
3.625004
0.7884991
4.131081
5.027052
2.082572
2.415642
4.387902
4.485175
5.807849
2.05054
2.09043
4.395175
5.727125
2.708729
3.389182
1.969759
6.116858
6.878061
7.391289
0.8453235
2.349992
2.544828
0.7896366
2.737288
5.041133
2.110662
2.380972
3.709191
3.086841
5.822352
2.084854
2.075064
3.663146
5.299286
1.456689
2.225309
1.846772
6.142579
6.840941
7.142547
0.7954707
1.606243
1.760849
0.7987084
1.590284
5.029509
3.135898
2.122393
3.908685
2.123989
5.820257
3.075866
1.927934
3.852037
4.638238
2.267004
1.827281
2.924425
6.789857
6.450445
7.290268
1.174779
0.7797675
1.936672
0.8004394
1.239362
5.020861
4.234604
2.122169
4.828098
2.007779
5.81348
4.158096
1.926511
4.831744
3.988514
4.202412
2.53331
4.634799
7.573719
6.441875
7.715339
2.235874
0.7799053
2.934937
0.6508178
1.797859
5.223866
4.751947
1.754948
4.148686
2.309893
5.709424
5.036366
1.940952
4.527783
3.426008
5.668271
3.186388
4.854376
8.25697
6.44321
7.316322
3.100351
0.9581364
2.671969
0.6655639
1.87187
5.781515
5.8872
1.601152
2.957742
2.264846
6.207886
6.30417
1.926506
3.394312
3.943682
6.899345
3.179005
4.122825
9.340089
6.794511
7.197851
4.381099
2.929458
1.50105
0.6589196
1.874567
5.784881
7.006716
1.60806
2.718132
2.25896
6.201997
7.421996
1.933013
3.151253
3.943738
7.985134
3.187922
3.92209
10.2557
6.804785
7.080341
5.491669
4.289204
1.258217
0.6536791
1.878999
5.791994
8.086539
1.607919
2.713448
2.258735
6.202187
8.500669
1.934955
3.148086
3.944415
9.034559
3.185965
3.910214
11.17422
6.807698
7.074494
6.567584
5.373526
1.254962
0.663237
1.8759
5.78875
9.186707
1.596434
2.713702
2.268672
6.212113
9.598489
1.924832
3.148263
3.944415
10.11538
3.17057
3.910217
12.13642
6.792293
7.074498
7.674232
6.473523
1.259543
0.8057401
1.868848
5.831685
10.03963
1.601247
2.720901
2.062885
6.058365
10.75582
2.249904
3.452234
4.007863
10.99178
3.172812
3.918515
12.90527
6.809895
7.066973
8.511216
7.318735
1.26251
0.8649705
1.875845
6.343696
1.604446
2.919141
1.058311
5.663903
2.371783
3.512932
4.650835
3.180593
4.046853
7.063889
7.06344
1.489413
0.9914077
1.873032
7.059301
1.610449
3.81718
1.86743
6.374455
1.36966
3.016381
5.538349
3.185853
4.6873
7.538109
7.090299
2.479323
2.059167
1.872672
7.930776
1.607929
4.745338
3.180829
7.461552
0.885013
2.744423
6.568165
3.182156
5.326261
8.190642
6.840865
3.538836
2.059686
1.876726
8.909312
1.599809
5.618618
3.179257
8.19754
0.8841243
3.698961
7.676689
3.173708
5.942437
8.981058
6.471611
4.535538
2.06168
2.368271
9.95517
1.603841
5.388026
3.56835
9.068268
0.8779753
3.685347
8.556521
3.62683
5.479266
9.883264
6.054739
4.560729
2.05993
3.715987
11.0694
1.409723
5.868531
4.581483
10.03907
0.8466828
4.339594
8.888056
4.575513
5.539456
10.75588
5.935639
5.147571
1.369588
4.899554
11.805
0.7798043
5.603312
5.354815
11.08019
0.8050321
4.810942
9.177049
5.459055
4.752652
11.77533
6.26925
5.514185
0.908675
5.900625
12.83156
0.7798231
5.81783
6.005524
12.30753
0.7965666
5.468377
9.057768
6.574496
2.942831
13.10336
7.176075
6.23168
0.7811206
6.732852
13.85036
1.082272
6.254934
7.188962
13.88211
0.7741251
6.586928
8.922759
7.797055
1.345019
14.65255
8.334167
7.2672
0.7814889
7.665254
1.276314
6.732645
8.193085
0.7798773
7.289462
8.906638
0.9957687
7.986565
0.9134964
8.633142
1.417255
6.882861
9.168959
0.7901558
7.60463
9.931334
2.813511
8.285488
2.029876
9.387603
2.872766
5.586252
10.2265
0.8448218
7.220619
10.61244
5.249898
7.9205
3.208435
10.48676
3.26849
4.267828
11.37141
0.8588485
6.985479
10.57028
7.726386
6.627831
4.003145
11.81254
2.081076
3.763251
12.19466
1.998835
7.312193
12.23307
10.11862
5.679655
5.097747
13.0156
1.634665
3.671044
12.52208
4.077085
8.203416
13.83116
11.93385
5.305149
6.280235
13.88065
1.125231
3.681096
12.56472
5.920737
9.152375
14.64664
12.89102
4.763239
7.529554
0.8597906
3.689892
8.1464
10.19817
3.918442
8.69615
0.7975295
3.879259
9.441189
11.33907
3.248828
10.63912
0.8024524
4.013293
10.73073
12.49207
3.239852
12.3019
0.8903965
3.441129
11.53826
13.30898
3.240409
1.120011
2.264152
3.252625
1.117844
2.263527
3.251171
1.116616
2.261258
3.251171
1.117772
2.263308
3.251172
1.118403
2.265075
3.251172
1.659098
1.292234
2.865782
1.742507
0.7799813
1.996994
1.320325
0.8798624
0.9224648
0.9244143
0.8087816
0.8366473
0.7797515
0.8211947
1.153001
0.7798725
1.054658
1.770191
1.647352
1.880578
0.7740892
3.607827
4.074646
0.7771537
4.805656
5.393555
0.8541671
5.348291
6.260659
0.91653
6.077863
6.696513
0.7949945
6.678025
7.60716
1.054691
7.335783
8.223577
1.89195
8.08572
8.840995
1.483214
8.854623
9.447875
1.055086
9.668388
10.29938
0.7799557
10.53318
10.8607
0.9207275
11.41855
11.18662
1.339137
1.727272
1.940357
