1.133697
13.98361
0.7946567
14.16264
1.573424
0.6300327
1.402147
14.72219
1.92795
14.95094
2.707119
0.6232553
2.452877
13.52568
0.8815935
13.05559
14.55251
12.68967
13.66491
0.7800174
1.384499
0.8405696
13.15512
14.74675
12.8365
2.160185
0.7799911
2.030854
14.88015
15.68861
1.558666
14.36489
0.8180656
13.83656
15.47024
13.54128
0.9839883
11.60588
0.801442
12.09169
1.51333
0.7826396
0.8073738
12.29898
1.777907
12.82911
2.493649
0.7847466
1.715788
11.19566
0.948027
10.5024
12.38646
10.82191
11.63354
0.7822983
1.359368
0.6046713
10.91454
12.86677
11.29595
2.140567
0.8768685
1.571225
13.21001
13.92157
1.649534
12.77578
1.215547
12.06763
13.98851
12.42009
0.9107711
9.461161
0.8901752
10.29138
1.388589
0.8644251
0.7799627
10.16113
1.791065
11.0319
2.212251
0.7967709
1.469509
8.960556
1.130523
8.093218
10.30898
8.722542
9.73139
0.9765488
1.477649
0.9797002
8.908156
11.12407
9.575006
2.21771
0.7799706
1.641976
11.69174
12.3658
2.267808
11.21491
1.896772
10.33403
12.54507
10.94305
0.9286413
7.225301
0.9360873
8.415924
1.634126
1.277428
1.015273
8.144217
1.72151
9.343206
2.534548
0.779921
1.555436
6.718187
1.409772
5.616516
8.369786
6.857898
7.826735
1.467534
1.678625
1.681828
6.845595
9.500871
8.13402
2.86952
1.360049
2.179291
10.2613
11.15794
3.209515
9.84086
2.736153
8.628314
11.45861
9.762103
0.9472195
4.971162
1.110864
6.518018
1.627229
1.268933
2.242288
5.867428
1.958132
7.445338
2.444621
0.8082936
2.104428
4.456283
1.738156
3.452505
6.185008
5.455441
5.842517
1.697224
1.884055
3.228171
5.095441
7.670776
7.183402
2.895889
2.345998
2.912346
9.001933
9.814818
4.260044
8.654449
3.621894
7.383982
10.26226
8.821842
0.9581714
2.906911
1.218422
5.047867
1.171953
1.19427
3.698965
3.625085
2.08124
5.898221
1.793482
0.794326
3.111057
2.984595
2.438096
1.831686
4.096784
4.567255
4.647802
1.831048
1.903576
4.898217
4.154669
6.22213
6.94802
2.313864
3.442328
3.838113
8.144154
8.667006
5.34072
8.318603
4.527863
6.979614
9.286255
7.979284
1.122749
2.18299
1.499458
4.260972
0.7417016
1.125983
5.06928
2.498822
2.622125
4.870009
0.7321385
0.8298303
3.982029
2.612932
2.438751
1.828568
3.092124
5.151415
3.852854
2.126867
2.436359
6.544034
4.152854
5.33308
7.36629
1.274836
4.423261
4.538133
7.937359
7.721512
5.894279
8.47438
5.543756
7.34089
8.527682
7.148022
1.35051
1.989321
2.096172
4.047251
0.7364426
1.180223
6.2912
1.718449
3.206188
4.155526
0.6269236
0.7501109
4.98734
2.561354
2.443553
1.812396
2.346048
5.971244
3.16845
2.721275
3.263667
8.163306
4.143327
4.729099
7.967698
0.6147018
5.559549
5.199792
8.418375
7.344792
6.646443
9.067756
6.634723
7.884001
8.052957
6.276732
1.772597
1.999224
2.096923
4.047839
0.7332984
1.944369
7.54546
0.8719497
3.042284
3.293345
1.296494
0.9761037
6.304644
2.565099
2.439683
1.822871
1.847214
6.989074
3.162365
2.719166
3.711428
9.321862
4.145327
4.264403
8.766813
1.227949
6.812241
5.645181
8.420465
6.649364
6.639623
9.06615
6.640637
7.889284
6.851424
5.861223
2.468139
1.999421
2.097452
4.048275
0.7047175
2.953424
8.793863
0.6016961
3.152213
2.527015
2.68502
1.083718
7.566947
2.556741
2.431558
2.336523
1.592404
8.073881
3.162849
2.797992
4.107213
10.4849
4.586202
3.478096
9.634906
2.910062
8.332549
6.490582
8.413353
6.051052
6.635844
9.055322
6.625361
8.39466
5.48885
5.716706
3.33111
1.599378
2.095981
4.045194
1.508492
4.210925
9.187686
1.752669
3.840819
2.384778
4.720709
1.043823
7.291261
2.716904
3.070859
2.970423
2.612953
8.018693
3.170754
3.143576
4.882555
10.73174
5.541331
3.143916
9.532121
5.501859
9.718596
6.392166
7.94241
4.722311
6.349617
8.502838
6.000524
9.165882
3.741841
5.267931
4.290383
1.592251
2.09651
4.049906
2.835783
5.60245
9.216835
2.709399
4.735489
2.741066
7.057168
1.313095
6.448733
2.72409
3.099218
4.355053
4.018011
7.933089
3.163737
4.001777
5.961396
10.62259
6.7639
3.527842
9.187276
8.356412
11.09115
5.915803
7.367047
3.142359
5.775173
7.84408
5.319824
10.04125
1.884841
4.920877
5.224982
1.592584
2.586205
4.049996
3.987898
6.899817
9.217875
3.638242
5.54751
3.319414
9.182024
1.725397
5.978017
2.971821
3.096321
5.548656
5.30724
7.935019
2.820145
5.327305
7.246197
10.76567
7.764493
4.837571
9.184901
10.81844
12.29416
5.140193
7.589202
2.367135
5.999429
7.768128
5.221251
11.53294
0.7799608
5.462339
6.149941
1.582044
3.418958
4.040349
4.735614
8.155338
9.213568
4.56952
6.411377
4.089678
10.8754
2.221608
5.53922
3.52781
3.088168
6.316288
6.582332
7.941822
2.458212
6.148367
8.632106
11.06239
8.078687
6.285174
9.180259
12.88751
13.50342
4.320006
7.008681
1.264411
5.459743
6.68628
4.239256
11.67054
2.378878
6.38807
7.051314
1.581823
3.420552
4.041625
9.071222
9.209315
5.46959
7.29769
4.93846
2.495827
5.166036
3.532136
3.094535
7.518172
7.934853
2.453544
9.737743
11.05694
7.419656
9.17939
3.701139
6.122572
2.328303
4.658663
5.406958
2.953674
4.77776
7.331289
6.683533
1.588025
3.426753
4.048237
9.078822
9.212155
5.096178
6.9192
4.585355
2.835795
5.304969
3.53665
3.101726
7.518434
7.929791
2.442335
9.728703
11.05074
7.420145
9.181417
3.710244
5.422386
3.307516
4.140422
4.144359
1.729159
6.089217
8.394595
5.767622
1.588962
3.441386
4.045083
9.075546
9.222486
4.182245
6.020072
3.738942
3.7101
5.700849
3.540959
3.091385
7.516127
7.936275
2.438106
9.73009
11.04641
7.421114
9.158744
3.633713
5.028668
3.685431
4.002541
3.134884
0.9868041
7.217709
9.324984
4.856949
1.58732
4.271487
4.043873
9.071254
9.219687
3.282963
5.284677
2.938659
4.617497
6.261365
4.195689
3.085954
7.514529
7.93767
2.38973
9.805803
11.38907
7.416292
9.153498
3.629446
5.008645
3.135518
4.000088
2.758183
0.96483
7.290596
9.38714
3.962625
1.583463
5.226443
4.043371
9.07121
9.218394
2.424194
4.937418
2.264251
5.540952
6.907306
5.023488
3.092945
7.516627
7.935185
2.686492
9.974061
11.83713
7.413169
9.151724
3.635146
5.007631
2.718601
4.007087
2.702872
0.9643021
7.28841
9.386833
3.09421
1.582631
5.594167
4.046389
9.070989
9.217382
1.65634
4.195977
1.848946
6.485151
7.627032
5.140418
3.096016
7.516742
7.933413
2.37952
9.368259
11.44216
7.406323
9.145491
3.635168
4.972861
2.536818
3.958128
2.165361
0.928498
7.224703
9.312898
2.728577
1.584755
5.587678
4.047254
9.070671
9.220282
1.38999
3.93337
1.806842
6.910221
7.969731
5.051707
3.091657
7.515745
7.938125
2.202405
9.110473
11.21881
7.410783
9.150283
3.629284
4.51092
1.822274
3.201074
3.148596
1.223169
6.19103
8.071054
2.727951
2.045396
5.584547
4.045926
9.070701
9.232697
0.8764062
3.934044
1.810689
6.908753
7.891763
4.681279
2.641861
7.161811
7.764418
2.198054
9.110876
11.07166
7.415151
9.029741
3.326023
4.387524
1.776974
2.346797
4.433095
2.352801
5.237509
6.678809
2.708972
2.020363
5.579843
4.034632
9.041955
9.202546
0.8792981
3.928428
1.807933
6.909008
7.89421
4.678711
2.642257
7.161661
7.764421
2.195304
9.108694
11.07174
7.414692
9.031569
3.33256
4.637733
2.587021
2.73249
5.802872
3.677392
4.430343
5.386108
2.069038
1.21519
5.569383
3.710822
7.985694
8.14114
0.8826227
3.923736
1.801249
6.910176
7.896709
4.677701
2.640671
7.161665
7.764498
2.201249
9.109293
11.07133
7.404403
9.021985
3.331068
4.57199
3.801957
3.854086
6.937347
4.850273
3.432007
4.175453
1.635679
0.9161127
5.556761
3.447276
6.786462
7.05638
0.8736851
3.939409
1.812188
6.906579
7.889213
4.683669
2.640879
7.161658
7.765294
2.203334
9.106385
11.06936
7.406499
9.022575
3.324619
4.683282
5.124733
5.196615
8.055288
6.056115
2.276359
3.028949
1.992535
1.750896
5.788222
3.59487
5.590973
6.015666
0.8742721
3.937624
1.815721
6.906876
7.889674
4.682491
2.643507
7.161582
7.764542
2.193898
9.106803
11.07047
7.419768
9.03543
3.329168
4.768209
6.44018
6.48625
9.301517
7.359034
1.730985
1.952194
2.85872
2.853177
6.242348
4.096666
4.39487
5.046741
0.8867874
3.91748
1.801416
6.911328
7.899947
4.67667
2.644145
7.15975
7.762196
2.190232
9.110747
11.07324
7.419773
9.037041
3.335566
4.235769
7.082776
7.056698
10.04407
8.071461
2.20108
1.211292
3.045328
3.06023
6.354774
4.22643
4.171423
4.798935
0.8842685
3.921922
1.805015
6.958951
7.84369
4.682585
2.647147
7.175522
7.766418
2.190829
9.233405
10.86792
7.514115
8.881751
2.583842
4.037874
7.080904
7.048366
10.04233
8.070373
2.001606
0.8317607
3.829393
3.25728
6.971866
4.897327
3.643725
3.97359
2.507334
3.931424
1.810987
7.454302
7.801099
6.432223
4.310988
6.629518
6.73387
2.193318
10.1844
10.72602
8.300242
8.775373
0.779733
3.250789
7.077526
6.042931
10.04052
8.06925
0.7825894
0.7238847
4.27274
3.955397
7.332713
5.289409
3.545607
4.125275
4.185802
3.93036
1.808623
7.7773
8.314267
8.114335
5.976772
6.041981
6.315588
2.193918
10.81051
11.42354
8.822168
9.413404
0.6498127
2.812413
7.073674
5.657246
10.0362
8.065288
0.7858107
1.429675
4.653546
4.927504
7.648147
5.589871
3.290537
3.576544
5.807155
3.924394
1.701152
7.837127
8.203938
9.731314
7.48788
5.747519
6.394937
2.276927
10.92833
11.13765
8.877369
9.151105
0.6571661
2.447442
7.076591
5.7061
10.03596
8.027954
0.9560981
1.129822
5.79033
4.716217
8.641625
6.396193
2.327442
1.828551
6.620244
3.93317
0.743035
7.83268
7.618425
10.50253
7.358864
4.443305
5.378194
3.235797
10.93098
10.37313
8.496224
8.223301
1.251366
1.11011
6.746194
4.448286
9.733077
7.385104
1.217419
1.060619
6.908866
4.236599
9.683675
7.584296
1.55177
0.6492678
7.58071
3.938379
0.6829847
7.831431
7.488936
11.32398
8.206373
3.196095
4.647542
3.507676
10.93536
10.1332
8.514357
8.159857
1.644274
0.7700534
6.821025
3.466944
9.845859
7.503394
1.096651
1.274683
8.196964
4.664389
10.40154
8.786382
1.309878
1.2132
8.187642
2.726248
0.7705634
8.54059
7.075865
10.89278
8.95005
3.554099
4.903603
1.955724
10.93539
9.212739
9.195457
7.637593
2.203182
1.156295
7.479149
3.648935
9.844094
8.121196
1.098442
1.345851
9.079517
5.884838
10.54843
9.634251
1.333001
2.571324
8.557616
1.520409
0.7796344
9.428493
6.571201
9.977573
9.331131
4.859526
4.887237
0.9329811
10.93559
8.064813
10.0514
7.168366
2.903977
1.176897
8.30794
4.792548
9.807691
8.915347
1.166903
1.750003
10.05738
7.198461
10.73612
10.48541
1.332276
2.57199
9.059379
0.7799045
0.7799414
10.48194
7.596171
9.299014
9.815789
6.314589
5.722684
1.094639
11.10977
8.243698
10.98442
8.082832
2.905221
0.8979177
9.160247
6.837384
9.841103
9.587768
1.814691
1.732559
10.39695
8.572729
11.09223
9.715682
0.9161698
2.584033
8.605042
0.7800008
0.8678849
10.15794
7.905558
8.767303
8.63944
7.715356
6.781951
1.642972
10.82153
8.575362
9.527529
7.274063
2.254318
1.026066
9.456369
8.37125
10.16571
8.754059
1.431867
1.851309
10.15454
10.01507
11.09155
9.144437
1.447014
2.577687
8.354568
1.055375
1.164335
8.708327
7.681376
8.358657
7.451043
9.09349
8.032799
1.952464
9.644723
8.581674
7.698163
6.629272
1.205351
1.027868
9.206649
9.720994
10.16294
8.22474
0.6477869
1.844474
8.794438
11.58091
11.08464
8.73036
2.764381
2.563842
8.540777
2.416008
1.895131
6.22678
6.369415
8.262676
6.647058
10.72282
9.479826
2.720191
8.598079
8.588002
6.502623
6.173681
1.5753
1.020478
7.845559
11.22983
10.16728
7.891341
1.745108
1.843851
7.458076
13.06308
11.08749
8.480965
4.232391
1.913218
9.448285
3.748077
3.103596
3.524861
5.594311
8.356023
6.348227
11.53384
11.52774
3.672641
7.272932
9.184449
5.620195
6.604839
2.644584
1.020004
6.500359
12.65014
10.16918
7.726995
3.215994
1.149347
6.124226
14.26102
10.0984
8.385303
5.714906
2.076439
10.6996
4.036037
4.448781
1.244494
4.094957
8.94348
6.349443
11.9436
13.13605
4.463031
4.897572
8.111716
5.675428
6.952385
3.639483
1.033086
5.138981
13.76762
9.142272
7.717775
4.685855
1.05462
5.052084
9.105782
8.396152
7.190742
3.242396
4.226782
5.438784
2.311445
1.965467
4.337132
3.226835
6.188768
6.287658
6.746883
3.954094
1.033828
4.053738
8.168704
7.800766
6.1617
2.210101
4.582777
8.471767
8.39267
8.646952
4.033622
4.433485
5.6951
4.126654
0.8847997
2.964085
3.881665
5.312589
6.720027
6.514251
4.621969
1.033021
3.579775
7.614106
7.801039
7.61971
3.00244
4.5806
8.040831
8.39569
10.03712
5.280482
4.5903
5.69517
5.53976
0.7509916
1.626984
6.022054
4.525924
7.639784
5.793668
4.79749
1.028559
3.583587
7.300089
7.810993
9.01203
4.268954
4.582828
7.801796
8.387936
6.511774
5.121678
5.684491
1.961017
0.5999832
4.500485
4.951337
1.030697
3.584601
7.207486
7.804063
5.530805
4.582441
8.716257
8.399121
7.784218
6.220164
5.672864
3.316358
0.6251432
5.02069
4.397891
1.03915
3.574777
8.174318
7.802372
6.822431
4.581911
9.552649
8.764782
8.699801
6.84889
6.210271
4.283176
0.7968714
4.948081
4.7789
1.036248
3.577338
8.98642
8.214116
7.75829
4.074539
9.551869
8.795239
8.689009
7.217514
6.606023
4.813376
0.7786229
4.951601
4.848538
1.010458
3.088517
9.013837
8.278535
7.778235
2.32011
8.958344
8.207001
8.114552
8.071653
7.397915
6.143943
0.7761233
4.95104
4.847548
0.6976246
1.764755
9.011436
8.278238
7.777111
1.310087
8.768373
8.039609
7.954357
8.239431
7.543478
6.826504
0.7478501
4.967092
4.845271
0.6846287
0.9490233
8.986623
8.272705
7.774358
0.7815682
7.258798
7.178329
7.126427
7.773444
7.628038
7.074113
0.7958313
5.608413
4.845121
1.138605
0.7010368
8.368943
8.256935
7.76366
9.517553
10.32442
8.771354
7.864881
3.21888
0.8945754
6.950676
6.9865
6.937233
7.697709
7.790226
7.811094
0.9414874
5.701284
4.84611
1.30549
0.8709075
8.249596
8.259215
7.764372
8.017268
9.299954
8.012745
7.231615
2.31002
1.308832
6.952522
7.681245
6.948227
7.828247
8.692119
8.255117
1.407773
5.708512
4.936642
1.361936
1.72586
8.174417
8.793963
7.373163
6.584299
7.854906
7.495313
6.977715
2.229469
1.309988
6.951946
7.739791
6.948008
7.830482
8.754319
8.256162
1.453589
5.705186
4.94902
1.361434
1.723998
8.173409
8.850595
7.373399
5.013525
6.254801
7.23563
7.049433
3.116396
1.307939
6.950458
7.739736
6.940125
7.827278
8.751379
8.246161
1.446254
5.69607
4.95074
1.287198
1.296541
8.22667
8.974938
7.7243
3.534166
4.787017
7.27405
7.460724
4.384687
1.310815
6.750205
7.855692
6.958866
7.422351
8.748093
8.245308
2.01829
5.986898
4.950464
1.143269
1.296472
7.893441
8.97395
7.725525
1.78428
3.408353
7.312204
7.864434
5.797939
1.664263
6.464327
7.72336
6.796271
6.559131
8.427981
8.255407
3.158983
6.848698
4.862936
0.9793817
1.291196
7.208209
8.651913
7.729807
0.7624003
2.32865
7.348186
7.592751
7.16825
2.23768
6.694011
6.830418
6.568653
5.911856
7.31959
8.257149
3.882216
7.860932
4.517844
1.217856
1.299734
6.772435
7.544219
7.731453
1.64184
1.379761
6.928273
6.53681
7.302444
2.318871
6.985006
5.499556
5.69138
5.604557
5.8532
7.433835
4.642304
8.707588
4.247507
2.300177
0.6326901
6.209502
6.410001
7.72673
2.82698
0.8367952
6.596206
5.386428
7.304601
2.533335
7.742911
4.24469
4.653004
5.998678
4.564185
6.741864
5.333942
9.590316
4.271343
4.164616
1.632014
5.288057
5.473855
8.244037
4.002283
0.8329741
6.536044
4.267503
7.313478
3.703685
9.013738
3.776708
3.741668
6.06101
3.447468
6.747737
5.839514
10.38141
4.583332
6.433754
2.80044
3.883014
4.780733
9.021236
5.189071
0.8277339
6.534338
3.219286
7.302469
4.890647
10.00983
4.658756
2.994673
6.063131
2.392486
6.739205
5.356585
10.37164
5.379492
8.563035
3.965205
2.624102
4.264874
9.64398
6.401838
0.8240746
6.545046
2.252928
7.294533
5.974835
11.07642
6.290185
2.614518
6.201688
1.515878
6.635118
5.053216
10.37039
6.327525
10.69877
5.347929
1.380768
4.448396
10.32143
7.535906
1.702957
6.547909
1.680481
7.29202
5.890326
12.10567
8.136712
2.769256
7.185306
2.432664
5.612284
4.927477
10.37059
7.299514
12.49275
7.328032
0.8058437
4.969639
10.88633
8.218392
3.060885
6.530108
1.684054
7.29885
5.202558
12.84125
9.566806
3.308319
8.217433
4.370758
4.434289
4.970225
10.36733
8.18152
13.234
8.451527
0.8095126
4.861989
10.88845
4.348731
6.52826
1.917541
7.303903
9.273159
6.088561
3.470174
5.071836
10.36806
8.698004
9.573785
0.8070291
4.884443
10.89304
5.697043
6.545834
1.921092
7.291465
10.44872
7.444066
2.756079
5.084412
10.36909
8.686154
10.78941
0.8030116
4.89142
10.8854
7.0322
6.545464
1.917219
7.497019
11.63719
8.77986
2.590745
5.088911
10.594
8.904561
12.01127
0.8111807
4.885902
11.11143
8.070067
6.538556
1.913599
8.649267
12.68529
9.837193
2.906028
5.08556
11.75847
10.10021
13.07249
0.8136318
4.882358
12.29479
6.544104
1.918768
8.945751
5.085563
11.93408
10.37779
0.8032321
4.891937
12.48252
6.54393
1.918592
8.946032
5.085563
11.93406
10.37794
0.8018215
4.89304
12.48217
6.536993
1.911624
8.950457
5.085564
11.934
10.37877
0.8018704
4.892981
12.4822
6.540807
1.613062
8.952803
5.227446
11.93425
10.07981
0.8019167
5.077667
12.48283
6.560403
0.7108467
8.943406
5.851198
11.79111
9.022899
1.004614
5.822718
12.48211
6.798883
0.703119
8.945089
6.102876
10.87268
9.020741
2.381431
5.824652
12.48211
6.851411
0.6883804
8.18493
6.172617
10.29979
8.274214
2.589648
5.832053
11.93325
6.848357
0.6945804
7.500569
6.163751
9.289179
7.529844
1.756446
5.998443
10.50928
6.849778
0.7006516
7.500947
6.159423
9.29073
7.532071
0.6454019
6.463052
9.925613
6.84919
0.781419
7.502666
6.092863
9.289824
7.230873
0.9760747
6.857609
9.302701
7.011625
0.8729976
7.462081
6.662294
8.944825
6.615038
1.700966
7.632761
8.560001
7.625451
1.577796
6.834553
7.17481
6.995606
5.288279
1.611561
8.107312
6.801165
8.419746
2.343625
6.388551
7.623457
5.223672
4.356151
1.52697
8.499423
5.363628
9.363581
2.344509
6.229136
8.277694
4.28542
4.474542
1.452414
9.206166
4.898667
10.37642
2.336896
6.232545
9.070142
4.765675
4.478392
1.389658
10.04247
5.601506
11.38732
2.644161
6.238495
10.0291
5.576934
4.485754
1.320245
11.00374
6.518138
12.90081
3.890251
6.616282
11.03085
6.398353
4.805718
1.261547
11.8028
7.329806
14.20689
4.1288
6.683733
11.87351
7.620764
5.522091
0.761242
12.43027
8.327295
14.76198
4.1288
6.821755
12.29565
8.711175
6.458292
4.1288
6.66573
7.025831
4.364728
5.292097
7.091264
4.980169
4.046659
7.553917
5.037282
3.902617
7.857694
5.035338
3.896909
7.851848
5.028801
3.899742
7.853401
5.07094
3.771522
7.858657
5.990644
3.572038
8.553362
7.116
3.568782
9.579781
8.236543
3.568786
10.62356
9.358161
3.568787
11.68229
10.00319
2.717587
11.77075
10.88342
1.191048
11.77682
11.5744
0.599884
12.14625
12.5559
0.8575524
12.44595
12.96879
2.072584
11.84367
3.40947
4.481033
5.633536
6.474663
6.807739
6.809288
6.809289
6.930721
7.966129
8.685648
9.351154
10.04283
10.79266
