15.006
14.65632
1.112775
15.48895
0.9292836
15.97801
14.07626
0.599929
14.29362
0.7035995
15.34387
1.312655
1.124737
13.91613
1.301877
14.96647
1.906899
0.6000021
14.80552
1.050435
15.31495
13.32802
15.8546
0.6122737
1.814297
16.36263
14.37821
2.426507
13.32445
13.26385
2.211303
13.84655
1.965937
14.35198
12.66401
0.5999605
11.79238
0.7695963
13.09815
1.459346
0.8721268
11.65792
1.309153
12.95012
1.97875
0.5999901
12.38189
1.330786
12.9423
11.06452
13.69657
0.6900255
1.636739
14.26258
12.35924
2.326294
11.98518
12.16871
3.279892
12.50891
3.073784
12.94608
11.54351
0.6363822
9.524666
0.7948884
11.18134
1.483792
0.5999582
9.58635
1.271037
11.20593
1.934592
0.6531108
10.1584
1.746732
10.69434
9.009883
11.83765
0.6900416
1.391009
12.39053
10.6497
2.076341
10.78227
11.25389
4.328522
11.48787
4.152972
11.90554
10.22176
0.6547825
7.250558
0.8045158
9.259802
1.446336
0.5999202
7.585916
0.894692
9.530483
1.551078
1.056121
8.035184
2.186003
8.581944
6.652258
10.05811
0.6783522
1.399797
10.63696
8.660268
2.017621
9.403696
10.08522
5.289493
10.30863
5.203405
11.02172
9.384435
0.8844495
5.001861
0.9337671
7.621285
1.692972
0.6239469
5.422441
0.8581109
7.898751
1.464368
0.7056568
5.92429
2.788041
6.68761
4.737363
8.511477
0.7633231
1.27808
9.26697
7.260765
2.013719
8.287774
9.433715
5.926199
9.202017
6.245507
9.727489
8.826248
1.436633
3.688319
0.9778572
6.373877
1.924792
0.7733308
4.195175
1.303271
6.575854
2.316361
0.6784878
4.630037
2.786191
5.605413
3.804507
7.263227
1.104029
1.014734
8.297312
6.339336
2.11872
7.795738
9.578244
6.692001
8.533109
7.306596
8.439929
8.71123
1.993582
2.731221
0.8229893
5.46907
2.103248
0.9934501
3.483678
1.698129
5.696303
3.338227
1.009173
3.474526
2.783835
4.740644
3.051693
6.151049
1.719316
0.8096031
7.518052
5.587669
2.528803
7.873897
10.08217
7.539547
8.459013
8.363175
7.28078
9.081438
2.416965
2.144208
0.7177081
4.909275
2.370545
1.209441
2.922438
2.201714
4.867206
4.504169
1.399655
2.755338
2.777959
4.245586
2.693822
5.470757
2.306692
0.808857
6.983081
5.228975
3.104748
8.100722
10.3239
7.827928
8.665309
8.711414
5.913671
9.300623
2.835393
2.139253
0.7141396
4.912989
2.912215
1.20021
2.58426
2.844477
4.064871
5.724618
2.118544
2.750359
2.787443
4.13814
2.686573
5.474363
3.192168
0.8064587
6.650253
5.22972
3.976491
8.09941
10.39642
7.826918
8.656722
8.715816
4.50294
9.298997
3.4436
2.135996
0.710072
4.911037
3.874769
1.199862
2.572444
3.594158
3.368005
6.863073
2.93316
2.746513
2.789125
4.459704
2.684545
5.472453
4.313925
0.8127612
6.567652
5.22763
5.044658
8.092951
10.55678
7.828152
8.664865
8.731855
3.045312
9.291498
4.197902
2.129586
0.7241769
4.90122
5.108677
1.198762
2.886305
4.437825
2.763822
8.074478
3.831306
2.749143
2.786363
5.207463
2.677321
5.468555
5.645705
0.8013231
6.814144
5.214379
6.304774
7.413826
10.79241
7.82956
8.671243
8.732008
1.681699
9.301906
5.120903
1.917185
1.387074
4.686459
5.733107
1.893911
3.425643
5.292615
2.430452
9.269379
4.72645
2.751792
2.786598
6.197547
2.687041
5.470957
7.000605
0.8019522
7.337084
5.223192
7.622561
7.412776
10.99293
7.827458
8.33407
8.716977
0.7332456
9.301992
5.831728
1.917184
0.9592549
4.687253
7.126355
1.894871
4.027762
5.835912
2.332203
10.39946
5.590673
2.313061
2.788425
7.380225
2.686682
5.065685
8.067565
0.9786075
8.103354
5.228248
9.021195
7.380558
10.2164
7.833795
7.816743
8.717021
0.7675345
9.301951
5.534079
1.933316
0.6047335
4.699301
7.923327
1.925928
3.624738
5.024838
1.50604
10.39244
5.560135
1.505314
2.789155
8.230374
2.682381
4.29327
8.328705
1.604125
8.886583
5.228244
9.849227
7.381329
10.23279
7.731857
7.714586
8.727365
0.7460981
9.302437
5.542108
1.873995
1.226586
4.699297
7.958304
1.925935
3.711692
4.317102
1.511841
10.47668
5.567422
0.6773259
2.833005
8.181193
2.707173
3.506221
8.212949
2.159781
8.965096
5.228244
9.883994
7.381434
10.23008
6.728955
7.910702
8.725184
0.7432075
9.302619
5.540179
1.341715
2.13164
4.699297
7.958263
1.925943
4.738828
3.436497
1.511448
10.47623
5.565223
1.40619
3.654499
7.225244
2.951484
2.595278
8.344908
2.82369
8.965072
5.228248
9.883961
6.786313
10.22292
6.129622
8.088524
8.719606
0.730637
9.301814
5.805912
0.7591444
3.055289
4.839495
7.36821
2.515502
6.380218
2.768692
1.510469
10.47572
5.557322
3.61153
5.303422
6.736784
3.203174
1.86851
8.471811
3.457368
8.965745
5.228327
9.880135
5.435432
10.22163
5.951035
8.085033
8.457329
0.7265732
9.296171
6.602083
1.75004
3.853321
5.260496
6.039625
3.876511
8.106733
2.772907
1.781168
10.47682
5.566588
5.334803
6.905539
6.642595
4.205014
1.861623
8.469872
3.460226
8.699437
5.283314
9.874207
4.12083
10.22596
6.255309
8.08845
7.439155
0.7378347
9.297139
7.557819
3.264051
4.907273
5.361065
4.762975
5.237696
9.816867
2.77548
2.871927
10.47655
5.572697
7.043567
8.186781
6.9917
5.562364
2.220195
8.471773
3.461809
7.643445
5.633058
9.878803
2.88024
10.22542
6.822835
8.094984
6.468942
0.736805
9.307359
8.594014
4.598989
6.068736
5.470335
3.567666
6.585163
11.2132
2.757516
3.949461
10.47495
5.556067
8.459265
9.246851
7.554119
6.811727
2.955999
8.475728
3.468625
6.627593
6.156201
9.886906
1.80651
10.21804
7.305311
8.083488
5.538032
0.7217748
9.146391
9.698929
5.605459
7.267377
5.588326
2.527764
7.727629
12.09732
2.766344
5.019445
10.47581
5.719781
9.335103
9.866109
8.005689
7.377258
3.852876
8.469109
3.544
5.649265
6.787368
9.731328
1.549912
9.942147
7.397063
7.832538
4.347145
0.7719427
8.337152
10.81027
6.158899
8.45794
5.65537
1.925024
8.198153
12.10281
2.775904
6.132176
10.47782
6.563929
9.330622
9.737337
8.006986
6.24842
4.860126
8.469918
4.102803
4.672013
7.444237
9.104239
0.7211047
10.77755
6.758708
8.534628
4.695916
1.333872
7.87869
11.43082
6.549751
9.131647
5.414184
1.895892
8.156354
12.10211
2.757758
7.19228
10.47778
7.474118
9.348246
9.737186
8.007132
5.120552
5.857758
8.479086
4.880804
3.814877
8.077074
8.575315
0.7283523
10.99471
5.920256
8.614981
5.041063
2.21219
6.81466
11.43668
6.551429
9.136629
5.030541
1.89197
7.54122
12.09827
2.757756
7.901273
10.47707
8.414915
9.344518
9.801504
7.99859
4.014021
6.534688
8.475685
5.742929
3.31372
8.528875
8.168389
0.7245501
11.72542
5.885382
9.323113
5.651079
2.611347
6.773484
11.43188
6.435997
9.125154
5.024383
1.898584
7.138695
11.45354
2.765984
7.908436
10.47685
9.390289
8.69331
9.392502
7.781622
2.321738
6.538938
8.471894
6.673506
3.304369
8.777997
8.007997
0.7243443
11.73024
6.905937
9.316861
5.653019
2.620355
6.271496
11.43242
7.345927
9.114973
5.024203
1.906847
6.693312
10.32616
2.779798
7.909226
10.47746
10.04309
7.599369
9.454841
8.412219
0.6781254
6.535254
8.465618
7.285207
3.299219
8.807566
7.73546
0.9186202
11.73734
8.220382
9.321624
5.660167
2.615779
5.983857
11.19456
8.507213
8.891222
4.782714
1.699813
6.480238
9.477249
2.78401
7.908003
10.4782
10.90755
6.878909
9.931174
9.391285
2.807722
6.535086
8.463487
8.133238
3.306253
9.133552
7.714253
1.810905
11.63973
10.1031
9.319421
4.640033
2.021144
6.506171
9.914096
9.438139
7.711439
2.971473
1.154166
6.744226
8.842987
2.782377
8.231682
10.47859
11.60466
6.508245
10.48582
10.57885
5.132834
6.697742
8.46472
8.827319
2.761942
9.069068
7.822971
3.119359
11.62995
11.64016
9.325746
3.481555
1.932404
6.598654
8.670519
10.36701
6.610872
1.074987
1.854493
7.251032
8.502324
2.778738
8.935167
10.48009
11.59617
6.567406
11.33504
11.87961
6.817086
7.131808
8.465352
8.822677
1.710462
8.298579
7.815373
4.469455
11.62973
13.14696
8.900477
2.408086
1.932403
6.600832
7.458962
11.28169
5.267288
2.25444
3.033719
7.964364
8.480782
3.201042
9.689913
10.47952
11.59754
7.028507
12.61651
13.25416
8.494781
7.294283
8.076064
8.420027
0.7921262
7.620327
7.81741
5.849925
11.34656
14.49965
7.692997
1.629806
1.933347
6.601303
5.968265
11.84645
3.898119
4.291235
4.351377
8.847751
8.477489
4.242806
9.982965
10.18766
11.44132
7.954096
13.93322
14.45605
10.16972
6.621437
7.010334
7.282962
0.640209
7.19322
7.826647
7.180701
10.2486
7.691684
1.627205
2.166273
6.60323
3.926914
3.876391
5.616522
5.366005
9.809314
3.304173
8.885474
8.833696
10.57397
6.619881
6.796568
7.281028
0.7056761
7.191488
7.875332
8.534748
9.561876
7.687728
1.619738
2.548842
6.608837
3.782421
4.30863
6.972233
6.028615
10.8697
2.145526
8.325905
7.524261
9.322359
6.618961
5.929492
7.272635
0.9456103
7.190032
7.470831
9.823079
9.466893
7.692968
1.621602
2.560071
6.599391
4.377924
5.228815
8.24441
7.289782
12.07717
1.96853
8.254432
7.460382
9.120649
6.622272
5.927333
7.28159
0.9548179
7.183072
7.470121
9.467658
7.69573
1.625772
2.56739
6.570639
1.964267
8.253611
7.453184
9.097736
6.623166
5.921162
7.262128
0.959025
7.155244
7.438065
8.624183
6.449182
2.061163
2.837761
4.690738
2.251417
7.934572
7.161668
7.894707
6.001618
5.350673
5.825002
0.959022
6.197594
6.446638
7.021035
4.661824
2.962573
3.141225
2.645396
2.365862
7.137721
6.493913
5.86082
4.993785
4.4143
3.845002
0.70293
5.162308
5.04564
6.212827
3.083837
4.015489
3.265708
1.111069
3.249799
6.902964
6.841026
5.106403
4.159601
3.8684
2.041059
0.8056872
4.102393
3.472743
6.006791
2.200555
5.132018
4.593977
2.337843
4.530594
6.904734
7.823561
5.024679
3.614024
3.77574
0.6085841
1.612781
3.081975
3.167412
6.033214
2.784357
6.381677
5.79192
4.348118
5.817789
6.47845
7.839343
4.961675
3.661683
3.102534
1.903081
2.210952
2.182663
2.884842
5.49771
3.833626
7.379123
6.542991
6.095909
6.524613
5.629477
7.434235
4.775653
4.93017
2.877382
3.908192
3.290006
1.287697
3.02365
4.121516
3.894959
7.81311
5.864767
7.183124
5.46392
5.290206
6.124692
5.08342
5.883197
2.230116
5.024689
4.444063
0.8874632
3.561966
2.797812
3.895365
8.351763
4.391502
8.247563
4.419744
6.007324
4.277401
6.257927
6.795358
0.9889917
6.048738
5.844971
1.443259
5.062357
1.470733
3.898783
9.021549
3.0843
8.898811
3.560969
7.561828
2.666414
7.551556
7.80146
0.8946193
6.683492
7.595437
2.380687
6.746242
0.6022737
3.396464
9.374364
1.413292
8.59819
3.278637
8.779817
1.490928
8.071458
8.502837
2.032752
6.682046
9.147911
3.082695
7.925736
1.267758
2.272443
9.122273
1.287011
7.989651
3.527282
9.48295
1.029062
8.729579
8.497462
3.387367
6.674994
10.25951
3.084888
9.258417
2.731854
1.132169
9.011074
2.546841
7.486183
3.836302
10.04248
0.6989928
9.266564
8.51208
3.67899
6.684315
10.48568
3.087233
9.528354
2.862521
0.7090815
9.004999
2.667776
7.438038
3.571275
10.03163
0.7078525
9.258468
8.852099
3.364186
7.07284
10.48417
3.087233
9.527902
2.864617
0.7117689
9.005309
2.670288
7.437314
3.575868
10.0128
0.7223736
9.243866
8.851484
3.369737
7.070323
10.4806
3.088932
9.525644
2.857647
0.7206902
9.768712
2.668354
7.43629
3.578337
10.75656
0.5999765
9.330333
9.637081
3.37713
7.060846
11.13786
3.906619
9.526174
2.350328
0.7574071
10.76531
2.653999
7.435885
3.103587
11.14456
0.9259904
8.745104
10.65923
3.395624
7.046038
12.06495
4.931736
9.544813
1.79732
0.7189732
11.44216
2.992306
7.440608
2.333984
10.9915
1.479719
7.784404
11.10085
3.646737
6.878724
11.96576
5.459672
9.155746
1.749956
1.055255
4.282826
7.116924
0.8349777
3.167631
6.496055
3.869856
6.38361
9.101486
1.774926
1.270274
5.682687
6.01149
0.819605
4.391157
5.355353
4.447576
6.035538
8.757861
1.393511
2.17328
6.782164
4.777845
1.277228
5.713338
4.338015
4.611198
5.492732
8.912863
0.7597685
3.168511
7.839167
2.764586
2.415553
7.119685
3.371522
4.769644
5.418799
9.550675
0.8314172
3.578258
8.31251
2.3424
3.657042
8.547403
2.536476
4.939579
5.919206
10.57054
1.604584
3.644452
8.454765
3.334901
5.115269
10.03067
1.764467
5.062778
6.877542
11.78578
3.074802
3.690099
8.301041
4.539482
6.764896
11.27292
2.038307
4.901048
8.083349
12.83151
4.815732
3.756237
5.728166
8.522478
2.646314
9.407382
6.502405
3.831323
6.859875
10.1914
3.394678
10.657
8.323153
3.795085
8.073264
11.71809
4.28416
11.86728
10.0922
3.588441
9.257064
12.9089
5.173302
12.77289
11.85457
10.43046
6.088417
12.98949
11.52326
6.52055
13.58076
12.52421
6.515942
13.82771
13.00272
6.436848
5.192739
3.931903
2.793122
1.980268
1.001107
1.545221
2.367049
2.50909
2.513553
2.512041
2.505468
2.603613
3.278742
4.146498
5.113298
5.402352
5.048465
4.704426
4.380809
4.066145
3.209804
